name: "pose"
run_batch: 0
goals_x: [1.5  ,  1.37031819,  1.00369591,  0.46352549, -0.15679269, -0.75, -1.21352549, -1.4672214 , -1.4672214 , -1.21352549, -0.75, -0.15679269,  0.46352549,  1.00369591,  1.37031819, 1.5   ]
goals_y: [ 0.00000000e+00,  6.10104965e-01,  1.11471724e+00,  1.42658477e+00, 1.49178284e+00,  1.29903811e+00,  8.81677878e-01,  3.11867536e-01, -3.11867536e-01, -8.81677878e-01, -1.29903811e+00, -1.49178284e+00, -1.42658477e+00, -1.11471724e+00, -6.10104965e-01, -3.67394040e-16]
goals_theta: [1.57079633, 1.98967535, 2.40855437, 2.82743339, 3.24631241, 3.66519143, 4.08407045, 4.50294947, 4.92182849, 5.34070751, 5.75958653, 6.17846555, 6.59734457, 7.01622359, 7.43510261, 7.85398163]
position_distance_threshold: 0.03
orientation_distance_threshold: 0.03
save_dir: "mj_runs/pose_square"