name: "position"
run_batch: 0
goals_x: [1.5  ,  1.37031819,  1.00369591,  0.46352549, -0.15679269, -0.75, -1.21352549, -1.4672214 , -1.4672214 , -1.21352549, -0.75, -0.15679269,  0.46352549,  1.00369591,  1.37031819, 1.5   ]
goals_y: [ 0.00000000,  0.610104965,  1.11471724,  1.42658477, 1.49178284,  1.29903811,  0.881677878,  0.311867536, -0.311867536, -0.881677878, -1.29903811, -1.49178284, -1.42658477, -1.11471724, -0.610104965, 0.0]
position_distance_threshold: 0.03
save_dir: "mj_runs/position_square"